int unit1_0[14][6]={
2, 0, 3, 1, 0, 0,
2, 1, 4, 1, 0, 0,
2, 1, 4, 0, 0, 0,
2, 0, 3, 0, 0, 0,
3, 1, 4, 1, 0, 0, 
3, 1, 4, 0, 0, 0, 
3, 0, 4, 1, 4, 1, 
3, 0, 3, 0, 4, 1, 
3, 0, 4, 1, 0, 0, 
3, 0, 4, 0, 0, 0, 
2, 0, 4, 1, 2, 0, 
2, 0, 0, 0, 2, 0, 
2, 1, 2, 1, 3, 0, 
2, 1, 0, 0, 2, 1};
int unit1_1[8][6]={
4, 0, 3, 1, 0, 0,
4, 0, 3, 0, 0, 0,
2, 0, 3, 1, 0, 0,
2, 0, 4, 1, 2, 0, 
4, 0, 4, 0, 0, 0, 
4, 0, 0, 0, 2, 0, 
3, 0, 2, 1, 3, 0, 
3, 0, 2, 0, 3, 0};
int unit2_0[12][6]={
3, 1, 1, 0, 0, 0,
3, 0, 4, 1, 0, 0,
3, 1, 1, 1, 0, 0,
3, 0, 1, 0, 0, 0,
3, 1, 3, 1, 4, 0, 
3, 1, 0, 0, 3, 1, 
3, 0, 3, 0, 4, 0, 
4, 1, 1, 0, 0, 0, 
4, 1, 1, 1, 0, 0, 
4, 0, 1, 1, 1, 1, 
1, 0, 1, 0, 0, 0, 
3, 0, 1, 1, 3, 0};
int unit2_1[8][6]={
3, 0, 4, 1, 0, 0,
1, 0, 4, 1, 0, 0,
1, 0, 4, 0, 0, 0,
4, 0, 3, 1, 4, 0, 
4, 0, 3, 0, 4, 0, 
3, 0, 1, 1, 3, 0, 
1, 0, 0, 0, 3, 0, 
1, 0, 1, 0, 0, 0};
int unit3_0[14][6]={
4, 1, 2, 1, 0, 0,
4, 1, 2, 0, 0, 0,
4, 0, 1, 1, 0, 0,
2, 0, 1, 0, 0, 0,
4, 0, 2, 1, 4, 0, 
2, 0, 0, 0, 4, 0, 
4, 1, 0, 0, 4, 1, 
4, 1, 4, 1, 1, 0, 
1, 0, 0, 0, 4, 1, 
1, 0, 4, 1, 1, 0, 
1, 0, 4, 0, 1, 0, 
1, 1, 2, 1, 0, 0, 
1, 1, 2, 0, 0, 0, 
1, 0, 2, 1, 2, 1};
int unit3_1[8][6]={
2, 0, 1, 0, 0, 0,
4, 0, 1, 1, 0, 0,
2, 0, 1, 1, 0, 0,
2, 0, 0, 0, 4, 0, 
2, 0, 2, 0, 0, 0, 
4, 0, 2, 1, 4, 0, 
1, 0, 4, 1, 1, 0, 
1, 0, 4, 0, 1, 0};
int unit4_0[11][6]={
1, 1, 3, 1, 0, 0,
1, 1, 3, 0, 0, 0,
1, 0, 2, 1, 0, 0,
2, 0, 3, 1, 3, 1, 
2, 1, 3, 1, 0, 0, 
2, 1, 3, 0, 0, 0, 
2, 0, 3, 0, 3, 0, 
1, 0, 3, 1, 1, 0, 
1, 0, 3, 0, 1, 0, 
1, 1, 0, 0, 1, 1, 
1, 1, 1, 1, 2, 0};
int unit4_1[10][6]={
3, 0, 2, 1, 0, 0,
3, 0, 2, 0, 0, 0,
1, 0, 2, 1, 0, 0,
1, 0, 3, 1, 1, 0, 
3, 0, 3, 0, 0, 0, 
3, 0, 0, 0, 1, 0, 
1, 0, 3, 0, 3, 0, 
1, 0, 3, 0, 1, 0, 
2, 0, 1, 0, 2, 0, 
2, 0, 1, 1, 2, 0};
